version https://git-lfs.github.com/spec/v1
oid sha256:b21592c9eec5e8d50ad27d8799bf91b897aa4e102d54d1d21cac40b549f379f9
size 3925844
